0
9.08983e-89
3.79755e-90
-6.90668e-90
-4.80541e-91
-4.90487e-90
-2.77543e-90
-5.17406e-90
1.9353e-91
2.31125e-91
-1.20181e-91
-1.06079e-90
-7.23202e-91
-2.41995e-91
-6.13487e-91
4.73161e-91
1.23287e-91
3.59309e-91
-1.68401e-91
4.21531e-92
3.44496e-91
1.19268e-91
1.85433e-91
1.84693e-92
-5.54827e-92
1.0245e-91
4.59846e-92
-1.18733e-92
-9.40543e-92
-5.32445e-92
1.00758e-91
-1.51353e-91
1.89419e-93
5.418e-92
-3.37342e-92
3.16663e-92
6.70759e-92
-6.99314e-92
8.45444e-92
-2.14999e-91
2.55794e-92
1.42429e-92
7.51751e-92
-3.71039e-92
6.64235e-93
2.92692e-92
-1.99913e-93
3.67776e-92
-5.27839e-92
3.96936e-92
1.51127e-92
-7.53344e-92
1.76539e-92
-4.12851e-92
-1.12585e-91
-3.41401e-92
-1.48965e-92
4.56959e-92
4.88388e-93
-6.21304e-92
0
1.23198e-91
0
1.57268e-91
2.58918e-92
-9.44824e-42
-1.13187e-43
-1.46996e-42
7.79403e-44
-2.37943e-43
-6.14357e-45
-8.86444e-44
5.74513e-44
-2.29231e-44
3.31593e-44
3.25175e-45
2.49767e-44
-7.6258e-44
-1.3156e-44
-9.64842e-45
9.76179e-46
-2.30539e-44
-1.46805e-45
-1.31219e-44
-1.28082e-45
1.27495e-44
-1.59277e-45
1.32013e-45
-2.23884e-45
1.824e-45
0
9.13307e-45
-6.87302e-45
1.29695e-44
6.13576e-45
-1.81911e-45
-1.21116e-45
9.89801e-46
-6.54311e-46
3.58642e-45
1.28917e-45
1.81121e-45
-3.86565e-45
2.6488e-45
-2.18369e-45
9.95297e-46
7.16628e-46
-1.44464e-45
1.54708e-45
-1.64254e-45
1.83952e-45
-4.16536e-46
1.166e-45
-1.96563e-45
6.04455e-46
-1.8972e-45
9.74462e-46
-3.52795e-45
-5.09309e-45
-5.8605e-45
-9.06663e-46
-2.15724e-45
-1.42756e-45
0
5.64742e-45
0
0
5.25567e-46
-1.6643e-45
-3.71817e-21
-1.48303e-21
-1.25537e-21
-4.41032e-22
-5.9682e-22
5.02384e-23
-1.90482e-22
-1.42775e-22
-6.73386e-23
-6.16553e-23
-7.90879e-23
-1.45021e-22
1.65605e-23
1.43587e-23
-2.83114e-23
-6.678e-23
-2.23345e-23
-3.12144e-23
4.03291e-24
-2.93539e-23
-6.71309e-24
-2.46865e-23
0
-4.22905e-23
-1.96882e-23
-5.51955e-23
1.72519e-23
-3.24569e-23
7.65584e-24
-1.83359e-23
7.30191e-24
-3.2683e-24
-1.75283e-23
-4.09173e-24
-9.49773e-25
-2.76144e-24
-1.23506e-23
-1.9214e-23
-7.95929e-24
-1.11767e-23
3.94421e-24
-5.28941e-24
2.70624e-24
1.02763e-23
-3.59738e-24
-8.53262e-24
-1.96374e-24
2.88534e-24
-1.88689e-24
-3.70699e-24
0
3.59162e-24
1.41695e-23
0
6.91885e-24
0
0
-1.34829e-23
1.34003e-23
6.6673e-24
1.32856e-23
0
1.2513e-23
-3.30923e-24
4.43044e-17
1.10829e-16
5.67036e-17
5.55502e-18
7.1235e-18
7.43701e-18
0
1.12195e-17
2.22393e-18
7.2336e-18
-3.00198e-18
8.87048e-18
-2.17062e-18
0
-9.89556e-18
-1.02118e-17
-2.86237e-17
-6.54613e-17
-1.69152e-16
-4.00137e-16
-9.46771e-16
-2.18734e-15
-5.00696e-15
-1.12913e-14
-2.5158e-14
-5.53771e-14
-1.20399e-13
-2.58585e-13
-5.48651e-13
-1.15004e-12
-2.38163e-12
-4.87294e-12
-9.85098e-12
-1.96768e-11
-3.88353e-11
-7.57375e-11
-1.45955e-10
-2.77948e-10
-5.23063e-10
-9.72752e-10
-1.78779e-09
-3.2472e-09
-5.82889e-09
-1.03409e-08
-1.81313e-08
-3.14203e-08
-5.38151e-08
-9.11002e-08
-1.52426e-07
-2.52074e-07
-4.12032e-07
-6.65685e-07
-1.06303e-06
-1.67787e-06
-2.61764e-06
-4.03645e-06
-6.15214e-06
-9.26801e-06
-1.37999e-05
-2.0309e-05
-2.95406e-05
-4.24679e-05
-6.03393e-05
-8.47284e-05
-0.00011758
-0.000161249
-0.000218525
-0.000292634
-0.00038721
-0.000506216
-0.000653829
-0.000834245
-0.00105143
-0.00130883
-0.00160894
-0.00195294
-0.00234022
-0.00276793
-0.00323059
-0.00371977
-0.00422391
-0.00472828
-0.00521522
-0.00566453
-0.00605418
-0.00636122
-0.00656287
-0.0066378
-0.0065674
-0.00633705
-0.00593726
-0.00536452
-0.00462185
-0.00371889
-0.00267162
-0.00150155
-0.000234594
0.00110045
0.00247356
0.0038552
0.00521799
0.00653801
0.00779582
0.00897688
0.0100715
0.0110743
0.0119829
0.0127967
0.0135151
0.0141355
0.0146522
0.0150552
0.015329
0.0154533
0.0154034
0.0151515
0.0146692
0.0139296
0.0129107
0.011598
0.00998707
0.00808631
0.00591819
0.00352001
0.000943624
-0.001746
-0.00447316
-0.0071547
-0.00970412
-0.0120359
-0.0140704
-0.0157379
-0.016983
-0.0177674
-0.0180722
-0.0178993
-0.0172704
-0.0162263
-0.0148238
-0.0131328
-0.0112317
-0.00920303
-0.00712931
-0.00508842
-0.00315008
-0.0013728
0.000198114
0.00153172
0.00261153
0.00343479
0.00401098
0.00435972
0.00450836
0.00448933
0.00433765
0.00408853
0.00377535
0.00342812
0.00307232
0.00272829
0.002411
0.00213026
0.00189113
0.00169459
0.00153839
0.00141776
0.00132631
0.00125669
0.00120123
0.00115242
0.00110332
0.00104778
0.000980608
0.000897683
0.000795936
0.000673343
0.000528877
0.000362438
0.000174786
-3.25307e-05
-0.000257238
-0.000496401
-0.000746485
-0.00100341
-0.0012626
-0.00151909
-0.00176754
-0.00200235
-0.00221779
-0.00240806
-0.00256748
-0.00269061
-0.00277247
-0.00280868
-0.00279571
-0.00273103
-0.0026133
-0.00244258
-0.0022204
-0.00194984
-0.00163559
-0.00128386
-0.000902282
-0.000499691
-8.58804e-05
0.000328728
0.000733461
0.00111779
0.00147175
0.00178632
0.00205381
0.00226816
0.00242517
0.00252264
0.00256046
0.00254052
0.0024666
0.00234416
0.00217999
0.00198194
0.00175846
0.00151831
0.00127006
0.00102187
0.000781085
0.000554063
0.000345974
0.000160709
8.51854e-07
-0.000132282
-0.000238547
-0.000318832
-0.000374875
-0.000409075
-0.000424285
-0.000423619
-0.000410267
-0.000387339
-0.000357737
-0.000324056
-0.000288525
-0.00025297
-0.000218809
-0.000187074
-0.000158444
-0.000133293
-0.000111746
-9.37361e-05
-7.90585e-05
-6.74208e-05
-5.84852e-05
-5.19021e-05
-4.73355e-05
-4.44793e-05
-4.30671e-05
-4.2876e-05
-4.37254e-05
-4.54729e-05
-4.80093e-05
-5.12515e-05
-5.51369e-05
-5.96178e-05
-6.46566e-05
-7.02224e-05
-7.62881e-05
-8.28284e-05
-8.98179e-05
-9.723e-05
-0.000105035
-0.000113199
-0.000121683
-0.000130439
-0.00013941
-0.000148529
-0.000157713
-0.000166868
-0.000175881
-0.000184625
-0.000192951
-0.000200694
-0.000207668
-0.000213666
-0.000218463
-0.000221811
-0.000223444
-0.000223075
-0.0002204
-0.000215098
-0.000206839
-0.000195282
-0.000180086
-0.000160918
-0.000137457
-0.000109411
-7.65241e-05
-3.85953e-05
4.51152e-06
5.28508e-05
0.00010638
0.000164948
0.000228278
0.000295958
0.000367437
0.000442013
0.000518836
0.000596909
0.000675096
0.000752134
0.000826649
0.00089718
0.000962202
0.00102016
0.00106949
0.00110868
0.00113628
0.00115097
0.00115158
0.00113713
0.00110687
0.00106035
0.000997373
0.000918099
0.000823018
0.000712979
0.000589186
0.000453199
0.00030691
0.000152523
-7.48525e-06
-0.000170414
-0.000333393
-0.000493449
-0.000647578
-0.000792821
-0.000926348
-0.00104554
-0.00114805
-0.00123191
-0.00129555
-0.00133791
-0.00135839
-0.00135698
-0.00133418
-0.00129101
-0.001229
-0.00115013
-0.00105674
-0.000951488
-0.000837249
-0.00071701
-0.000593784
-0.00047051
-0.000349965
-0.000234679
-0.000126869
-2.83829e-05
5.93387e-05
0.000135281
0.00019886
0.000249907
0.000288639
0.000315621
0.000331704
0.000337978
0.000335697
0.000326225
0.000310963
0.000291304
0.000268573
0.00024399
0.000218637
0.000193437
0.000169141
0.000146323
0.00012539
0.00010659
9.00316e-05
7.57038e-05
6.35006e-05
5.32439e-05
4.47077e-05
3.76388e-05
3.17765e-05
2.68679e-05
2.26809e-05
1.90126e-05
1.56955e-05
1.26001e-05
9.63444e-06
6.7426e-06
3.90064e-06
1.11184e-06
-1.59869e-06
-4.18973e-06
-6.60949e-06
-8.80073e-06
-1.07053e-05
-1.22678e-05
-1.34388e-05
-1.41769e-05
-1.44501e-05
-1.42366e-05
-1.35249e-05
-1.2313e-05
-1.06083e-05
-8.42579e-06
-5.78696e-06
-2.71847e-06
7.49404e-07
4.58405e-06
8.75175e-06
1.32187e-05
1.79518e-05
2.29192e-05
2.80906e-05
3.34374e-05
3.89327e-05
4.45506e-05
5.02665e-05
5.6056e-05
6.18948e-05
6.77584e-05
7.36211e-05
7.94567e-05
8.52373e-05
9.09339e-05
9.65162e-05
0.000101952
0.000107209
0.000112251
0.000117043
0.000121546
0.000125719
0.000129518
0.000132895
0.000135799
0.000138169
0.000139942
0.000141044
0.000141396
0.000140909
0.000139488
0.00013703
0.000133426
0.000128568
0.000122342
0.000114642
0.000105367
9.44268e-05
8.17474e-05
6.72753e-05
5.09815e-05
3.28656e-05
1.29594e-05
-8.67021e-06
-3.19192e-05
-5.66454e-05
-8.26683e-05
-0.00010977
-0.000137696
-0.000166161
-0.000194849
-0.000223419
-0.000251511
-0.000278751
-0.000304756
-0.000329139
-0.000351519
-0.000371521
-0.000388788
-0.000402983
-0.000413791
-0.000420933
-0.000424159
-0.000423264
-0.000418079
-0.000408484
-0.000394406
-0.000375822
-0.000352761
-0.000325303
-0.000293581
-0.000257783
-0.000218147
-0.000174961
-0.000128562
-7.93339e-05
-2.77008e-05
2.58745e-05
8.08966e-05
0.000136843
0.000193169
0.000249318
0.000304725
0.000358828
0.000411075
0.000460931
0.000507893
0.000551493
0.000591309
0.000626975
0.000658188
0.000684715
0.000706399
0.000723163
0.00073501
0.000742028
0.000744383
0.000742317
0.000736136
0.000726205
0.000712928
0.000696738
0.000678077
0.000657375
0.000635033
0.0006114
0.000586758
0.000561299
0.000535117
0.000508191
0.000480381
0.000451429
0.000420957
0.000388484
0.000353436
0.000315171
6.43479e-20
6.57875e-20
5.05195e-20
1.72684e-20
8.86779e-20
3.64891e-20
3.75982e-20
1.16421e-19
2.00623e-19
0
8.6265e-20
-1.79397e-19
1.40187e-19
0
5.10548e-20
-1.60643e-19
1.68896e-19
0
-1.25433e-19
-6.64718e-20
-2.11991e-19
0
3.62893e-19
-8.6611e-20
9.33855e-20
2.02231e-19
-5.49936e-20
3.607e-19
1.3215e-19
-7.30594e-20
3.2527e-19
0
-4.12315e-19
0
-2.71328e-19
-6.33606e-19
-1.50099e-18
-1.8084e-18
0
-2.80488e-18
1.82615e-18
0
3.56175e-18
-1.111e-17
9.8615e-18
-6.64972e-17
-1.77217e-16
0
